24

ys. (nom.) 3, 615. 12, 334. 337. 1, 2414, 489. 11, 14. 2, 221. 7, 225
99, 999. 9, 99. 999, 11, 994. (999.) 9, 994. 9, 999. 19, 199. 9, 909. 9, 499.
· 19, 999. 9
99. (nom.) 99, 9. 99. 99. 141. 919. 994. 999. 940. 994. 999. 19, 999.
19, 414 (gen.) 19, 199 909 999 (999.) 99, 99. 99. 999 (999.) 99, 994. 999 ·

yx. (999)9994 99999 99999999999 9999999 994499.
(gen.)ll, 11999 411. 944999. 999099.14,99 99, 999. 9, 999 494. 99, 99,
149101991) 99, 499. (999.) 11, 944. 999 999 9ο, 19. 99994 (9999991499.

· 685. 14, 458. 12, 322.

99. (gen.) 11, 23.

us. (999.) 10, 220. 531.

in. (nom.) 7, 439. (abl.) 11, 627.

ix. (nom.) 8, 307. (999.) 5, 87. ,

999. (nom.) 1, 480. 6, 418. (999.) 15, 296. 506.
ex. (nom.) 8, 312. 568. 607. ,

nx. (999.) 1, 690. 704.

Β. Adiectiva.
Exempla reperies:

99999. 99, 9ο. 9. 491. 99, 1139191111 9, 999. 4, 999. 9, 999. 19, 999.
14, 441. 991. 14, 499. 9, 999. 9, 904. 14, 9999, 994. 9, 499. 9999. 99, 109.
11, 99. 99, 9. 9, 994. 919. 9, 9. 99, 999. 11, 949, 99, 999. 19441. 10, 919.

730. 10, 369. 15, 9199, 19. 7, 363. 10, 104. 7, 371. 13, 624. 14, 5849 4, 290. 1

5, 1. 14, 574. 1, 515. 3, 210. 8, 744. 13, 107. 14, 226. 13, 424. 8, 345. 12, 189.
49715723. 3, 278.7,346. 12, 2133, 619. Ι14,4. 7, 232. 13904. 8,.528 15,
1.61 12, 266. 3, 2084 ,53.7 14, 103. 200. 13, 413. 15, 627. 2, 325. 10, 219..
3, 148. 10, 284. 9, 642. 13, 124. 2, 542. 11, 196. 1, 695. 8, 394. 542. 6, 384.
4, 185. 8, 15. 7, 490. 9, 574. 10, 659 1, 226 6,]18. 9,197.10,639.665.12,
72. 7, 685. 13, 162. 14, 159. 8,.35 2, 219. 11,13.83 3,.594 1432583411.

19419. 13, 24. 10, 309, , 9, 450. 10, 290. 4, 642. 8, 949. 9,188.7,133.12, ’

99. 99, 999. 99, 994. 1, 499. 999. 9, 999. 9, 499. 9, 999. 99, 949. 9, 949. 99,
949. 19, 949. 9999. 19, 999. 19, 99.¹ 9199. 419. 14, 494. 19, 49. 19, 401. 919.
10, 99. 10990. 9, 999. 9, 999. 9, 941. 9, 919. 19, 999. 9, 999. 9999. 19, 999.
9909. 9, 949. 19, 499. 9, 999. 999. 9, 499. 99, 999. 11, 999. 999. 9, 949. 9,
999. 9, 999. 990. 9, 9. 9, 999, 14, 999. 99, 499. 94, 99. 99. 999. 99, 999. 94,
999. 99, 999. 4, 499. 9, 999.

999. 9, 99. 14,999. 99, 94. 9, 499. 99, 9. 9, 999. 4, 999, 99, 99. 4.
90010, 190. 9, 999. 9, 999. 99, 999. 9, 494. 10, 949. 9, 49. 9, 999. 19499·
9, 99. 4, 919. 19, 909. 99, 941. 9, 199. 19, 9. 19, 999. 4, 999. 0, 999. 99999.
9, 190. 9, 99. 199. 9, 999. 9, 499. 9, 999. 9, 9. 1199. 19, 999. 14, 999. 99,

 

