15

. 11115151111111111111111111115151111111111.
115111151111111511111111111111115115
1111, 1111115111 11,.,.,,1111111111 11,.111 11111111.
1111111111151111111111111111511111111
111 1,111. 11,.111 111111111111111111,.151 11511.
1151111111111111111111111115,-,111111,15111111.
1111111111111 1,.111 1.111 1,111 1,,511 1111111151.
111111111111111111111151111111111111111111,
59 11,.111111111 ,,111 11‚.,4145555.4„915505 1’1,.,11111111.
·1511115111551111111111115111111111111111.
11111.,15115,,111,,.1111 11,111,.115,115.,1111 11111 1,111,
1,.9509 111181158131111199 11 111 1519044955155 15,
505009955155115, 1111151111111111111111111,
5951910515155550599594445959195914159504.
111111,111.1.,111111115111111111,111151 145111,
1151111111, 111. 11,111.5,.,1111111. 1,151 5955. 1,,115 1,111.
5,5.,19 145 15,.,.,.44415445445 15,111,151.11,11111,.111 11111.
11,1.11111111111111115111111111111151111111
111,,11115.,11 151.1,.,111511 115, 11,-,11 14,.455 11115 11151
14 45

1⁷00, 2, 643. 677.

A 61. 15, 164, 2, 554. 8, 170. 13, 714. 11, 663. 6, 116. 1, 262. 7, 762.
12,24. 13,681.15,19.14,444.16,727.6 11,93,6,10.11,1481131111,
, 304, 3, 220. 3, 14. 13, 334. 15, 767. 3, 223, 9, 717. 7, 623 5111118111,
198, 8, 226, 5, 346 14,1,5,.196 7, 777. 2, 599, 7,,314 12,81,11,1409,7 ,
264.12353.12,67,5,385.15,47,12,554 15 295, 2, 142. 4, 214, 627. 5,
12. 8, 310. 4, 289 1153111111.1133111131,15,196.’6,111.15,111.

13, 716. 9, 2359, 153. 12, 454, 2,411. 3, 395. 5, 490. 1, 313. 11535, 3,
419,,1.83513,,2685302η4429.2,2,445,1.09 10,111,1,,,.519113,
130. ’,13 244, 6166, 8, 162, 8, 611. 8, 431. 13, 558. 13, 628. 13, 32. 3, 208.

1,.189 3, 76, 5, 504. 10, 313. 6, 662. 113115,155,14,115,10,13.14,815, .

19, 511. 9, ·.189 8, 263. 16 462. 6, 384. 13, 154,
[tert. 1111111)
Nom. 9 276 313. 9, 652. 9, 347. 3, 314. 4550. 7, 230. 9, 187. 5,347.
Ace 5,,648 9, 644, 4, 544 1, 36311.3,411 13715, 2,499,1,544.
12. 581, 7, 391. 2, 784. 5, 645. · ·
Abl. 9, 448. 2, 6855, 176, 11, 165 1, 473. 5, 585, 13, 749.
11111111131511111111311,11811131141113151158111111).

ἾΠΙῖεωο 51 455555 6111111511 pars simul oum 501510501055111 11515151 1511111
que 05 5111111111

 

