17

b) Nominafivus 1η e termlnatus: ,

Nom. 5, 312. 3, 725. 3, 212. 3, 217. 4, 1. 274. 9, 276. 281313396.
11, 384. 416. 423. 458. 544. 545. 563. 661. 674. 684. 11, 763. 1, 14 6, 93.
8, 172. 7, 465. 3, 720. 3, 278, 5, 339. 9, 414. 8, 222. 3, 217. 4, 737. 11,
301.14,25.312; 385.1,764. 2, 37. 43. 533. 4, 204. 4, 206. 234 8, 118.
9, 667. 753. 3, 169. 5, 412. 425. 9, 452. 1, 247, 7, 386. 4,-610. 1, 452. 9,
331. 336. 342. 2, 240. 10, 451. 4, 210. 3, ’156. 9, 400. 7, 174. 19414669.
2, 559. 724. 739. 747. 11, 217. 5, 256. 3, 171. 12, 405. 423. 7, 380. 9, 744.
2, 218. 10, 71. 12, 521. 13, 324. 9, 394. 14, 169. 3, 229. 2, 349. 4, 168. 4,
541. 4, 208. 5, 48. 3, 392. 3, 220. 4, 517. 2, 223. 12, 263. 3, 213. 3,,171.
6, 147. 156. 165, 273. 2, 590. 2, 217. 9, 230. 5, 539. 5, 303. 15, 356. (14,
671). 4, 205. 10, 730. 7, 399. 3, 172. 1, 11. 2, 723. 9, 216. 6, 433. 440. 538.
566. 595. 603. 610. 619. 641. 653. 2, 222. 6, 589. 3, 293. 6, 414. 15, 426.
428. 3, 217. (3568. 5, ll. 222. 7, 371). 4, 473. 480. 15, 290.

= Gen. 8, 544. 14, 750. 6, 5, 4133. 150. 7, 231. 4,205, 13. 467. 14,»10.
69.Ι 71. 247. 5, 409. 1, 490. 10, 31. 4, 219. 7, 74. 241. 12, 195. 2, 809. 13,
398. 9, 140. 11, 603. 7, 223. 3, 19. 8, 315. 5,· 470. 1, 476. 2,14. 12,·Ι 516.
2, 743. 6, 428. 468. 3, 274. 278. 7, 371. ,

Dan 11, 473. 13, 510.

Α 00. 7,443,ιι,447.561.588.618.1,24ο.1,461.14.694 6,108.
mmmmfflmwmwmffiwfflffimmffim
afflawssnfflmuffifflmfflaemmmmffimffi
ffissmssfflmmmwffimmmmmmwwwz
mmnwwmwflmwmmffimssmamm
fflmfflwffimmmfflmwmffiAEMAEMWMQ
1wfflmfflmffimnfflmssmwmffimwmm
&mma

anmwffl .
Amufflmmwmffiww

c) Nominativus in as desinens:

mmmmmmwmffimffifflmammm„
affimmmfflmmmwmfflamammffima
ammffifflwwffimffl

mmmffiffiwmffimmzmffiffifflssm.
mm. ¹

Dmmfflwmffimmfflmffimwaemffi

AmmwmmwmmfflmmfflssQmst
mmfflwmfflssw

 

