11Ι

11, 141. 14, 111. 1, 111. 11, 111, 1, 151. 151. 1111511, 14111511, 15.
1, 362. 1, 111. 1, 115. 14, 511. 11, 2166, 511111. 1, 511.. 1, 111Ι 11, 111..
11, 310. 13, 1511, 1111141, 111 11, 114. 11, 115. 11,. 155. 111.. 1, 411.
5, 115. 11, 11111111111, 1, 111. 11, 511 1, 111. 1, 111. 1, 111 1, 111.
4, 151. 5, 423. 10, 2. 5, 111, 16. 1115. 111111, 111. 11, 111, 1, 511.
541. 141. 111. 3, 111. 111. 115115, 111. 11, 111111 1 111. 11, 51. 1
111. 11, 111 11, 111. 1,.141. 6, 111. 11, 115, 1, 111111. 5111114111
111. 11, 411, 11, 611. 2, 111. 111115411141. 11, 511. 1, 167. 111 361.
12, 14. 13, 741. 3106. 131. 6, 167. 6, 6. 1, 151. 4, 15, 14, 511. 1, 111. 6,
1111111. 1,.111. 1, 1111115. 11, 515. ’4, 212. 3, 266. 3, 216: 11, 1111
16, 14, 73. 11, 11. 11. 1, 2106, 612. 1, 617. 2, 221. 6, 262. 7, 411. 1 363.
mmmmmmmnmffiw,fflm.m3m
166 1, 666 2, 243. 1, 260. 6, 613. 632. 611 511. 1, 11111111551511,
632. 7, 111. 1,.511 111. 636'. 723 115 64. 15 11111. 1151111411
111111111111115111511111,1.14115515111141
111151 1 14111. 626 111, 161. 1141 1111115, 1114. 11111
151. 116. 111. 11,55.111.111.555.11,111, 14, 160. 416. 11411. 1,.111.
6, 111. 1, 111. 1, 111, 1, 411. 6, 511. 11, 111.. 11, 151. 17, 1. 511. 11, 411.
m3w6333mw6w66m46336m,
111111. 11, 166. 1, 411. 11, 111. 111111111. 1, 136. 111. 1111. 11,
637. 11, 30. 5, 111. 11, 111, 5, 172. 11, 41. 6, 240. 2, 217. 11, 111151111.
11, 151. 111. 11, 111. 11, 11111415, 111. 1, 411411. 1, 603. 111., 515.
11 221. 363. 111511, 111141. 115. 11, 111111. 15, 666. 3, 2264, 11.
111111, 111. 11, 111. 164. 171. 5, 511. 5, 151. 1, 141. 1, 411. 1111, 4, 33.
466. 416. 416. 660. 662.

Gen 6.6‚.7226 11111111. 4416622 151. 15115111
5401261616,114,3 114 4,.‚.4696171 1,.511 11,111.4,,.111111
1,366.12272598 5,.1415155.1111.1,111. 11111 611,.'6112,
4646204. 7, 1111111 11,.;451111. 5,,,14111 1111 1111145131

. 111. 1, 111. 1, 1111. 3, 4515, 111. 11, 111511, 6, 11. 111, 111. 1, 267.

2, 60. 7, 487. 9, 499. 13, 760. 1, 461 11, 339. 2, 556. 5, 201. 12, 3308
441111611151.111111.1115111411111511515.11141.

16, 660. 631. 12, 330 332 sq 13 636. 13, 408 463. 10347. 12, 443 1’,3 240.
6386110 383280 =

1111.11,1111,.151155111114111,11115115111511,
111. 11, 411. 16, 411. 1, 5, 11, 626. 6, 466. 6, 4. 5, 111. 11, 111151. 11,
63. 11, 111. 111, 11, 11. 1, 14. 1, 216, 243¹ 111. 1, 111. 111. 11, 111.· 11,
361. 4, 111. 5, 466. 14, 111 15, 411. 6, 111, 11, 111, 1111111111 141.

111, 11, 151. 11, 151, 4, 611. 3, 466. 440. 16, 27. 16, 666. 1141111.
12, 151. 1, 511. 11114, 1. 11. 1, 666. 16, 162. 11111411, 12, 11111.

 

