20

1mummwffiffl5m3w3fflzm3m3m3
33m33mmmmmmwmwfflwwfflwwu‚
fflwffimffimm33w3mffiuwfflwmffiffi3
wumm3w3wwm3mmffiwfflwmwffi3
1mfflmmwmw3n3mmwwffiwffiwwm
mmmwwmmaewwwumaemfflmwnffl
35m3w3m3ffi333mm3m533m3
mmwaew3mlmmwmffiuffl4mnw4.
wffiawmm4 ‚3.wm.wmw.w3wmm
33w33333mm3m33mmfflmmm
mwwwaewmffiwumwmmwwmefflmffi
1333131331. 13131, 3, 313. 3411 13, 334. 13, 333. 3, 3333, 313 13,
m3w3m3ffi3m3

1103.8,.560604.,.968 1,,.719.4521 6,.596 13,668. 125313,
131. 138. 4, 590. 9, 488 sq 9,185. 12, 313. 393 421110, 121. 8, 240. 7, 229.
12, 220. 228 10, 185. 9, 762. 765. 8, 204231. 232. 233. 10, 450. 11, 132;
14, 318. (20319, 149. 13, 203. 9447. 9, 101. 121. 8, 126. 11, 41 11, 284.
3841113. 5, 190. 216. 5, 93. 224. 7,.733 785. 1, 463. 2,36 608. 8,.350 15,
865. 13, 431. 13, 764 12, 68. 8,.722 4,142. 143. 4,.459 10, 44. 4,.457 6, ’
497. 8, 433. 14, 110.

Abl. 13, 627. 3, 421. 13, 638. 5, 407. 12, 164. 13, 238. 11,304. 2,
244, 5, 252. 1, 82. 8, 310. 6, 419 sq. 13, 1032 1, 697. 3, 649. 9, 594. 15, 12.
30. 830. 1, 212. 1, 338. 751. 2, 110. 9, 444. 11, 316. 1, 569. 2, 225. 7, 225.

b) Nominativus in 03 finitus: ’ 0

¹ No m. ll, 791. 2, 560. 785. 13, 648. 660. 2,’217. 12, 310. 2, 240. 6, 4.
13, 720. 5, 386. 3, 224. 1, 7. 2, 299. 10, 30. 6, 191. 333. 8, 221. 2, 219. 3,
222. 2, 244. 14, 467. 3, 224. 13, 46. 313. 12, 305. 7, 456. 472. 8, 6244245.
η 64. 95. 152. 157. 1187. 10, 69. 6, 416. 13, 724. 2, 559. 8, 221. 12, 508. 13, 726.
11, 642. 15, 287. 7, 466. 1, 578. 1, 516. 4, 456.

Gen. 7, 458. 11, 55. 15, 706. 5, 242.
Dat. 5, 350.

Aoo. 11, 762. 12, 1. 13, 664. 2132. 3, 595. 13, 293. 725. 3, 45. 4,
624. 11, 554. 10, 718. 4, 283. 14, 404. 15, 541. 3, 597. 9, 332. 14,404. 10,531.
6, 87. 10, 77. 2, 591. 13, 173. 2, 415. 442. 5, 507. 10, 297. 10,530, 7, 465.
9, 773. 15, 332 12, 550. 7, 365. 15, 332. 12, 433. 12, 109. 13, 173.

Voo. 5, 351. 2, 738.
Abi. 15, 164. 2, 253. 15, 541..

 

