13

Η. 13, 13331. 1, 313, 331. Am. 3, 3, 33. 11, 1, 133. 13, 13313, 100. 13,
330. Ar. 3, 333. 3, 133.

Ge n. 11. 3, 133. Ar. 3. 330. 311. 3, 13, 33. Ar. 1, 30. Am. 3, 0, 30. 1
3, 31331. 3, 1313. H. 3, 33. 11. 1, 333. 11. 11, 103. Ar. 1, 33. Am. 3,

16,. 4. Η. 15, 197. Ar. 3. 270. R. 261. Ar. 2, 239. Η.6,104.5. 1201657. Ι

13, 43. Ar. 3, 13. 3, 1313. 1, 3, 33.

1133, Η. 13, 100. 10, 333. 13, 30. Ar. 3, 490. 11. 4, 3. 3, 30. Ar, 3.
541. 3, 313. 3, 4. 3 343. Am. 3, 1, 33. Ar. 3, 113. 11. 3, 34. Am. 3, 3, 31.
Ar. 3, 340. 3, 4. 3, 333. Am. 3, 11, 11. 311333. 1, 13, Η. 1, 3.

Ace. H. 15, 161. 2, 6. Am. l, 8, 5. 3, 12, 29. Α1. 1, 634. Α1. 3, 34.
Am. l, 1, 12. 1, 9, 34. H. 8, 72. Μ. 82. Am. 2, 8, 20. Am. 1, 10, 36. Η. 10.
125. Ar. 1, 172. Η. 15, 195. 10, 116. 3, 86. 15, 90. 15, 227. R, 58. Η. 8, 12,
15, 33. 16, 248. Α1. 2, 131. Η. 12, 127. Α1. 2, 99. Η. 3, 126. 17, 50. 16, 215.
9, 73. Α1. 2, 219. Η. 3, 45. Α1. 2, 491. H. 4, 99. 1111317, 14. 111.2,193.
Μ. 15, 104. 1, 63. R. 204. Ar. 1, 567. 2, 558. 3, 131. 3, 390. Η. 9, 3. 12,10.
12, 8. 15, 160. 8, 14. 13. 58. 15, 80. 4, 107. 8, 110. 15, 169. 12, 204. Α1. 2,
41. 3, 322. H. 3, 118. Α11. 2, 11, 32. Α1. 3, 182. Η. 2, 108. Η. 1, 28. 7, 151,
Α1. 2, 297. Η. 1, 42.

Voc. H. 12, 30. Α1. 3, 25411. 760.

Abl. Α1. 1, 226. Η. 1, 21. 17, 42. 12, 134. 10, 230. R. 159. Η.3, 38.
R. 707. Α1. l,312. Η. 13, 71. Am. 2, 6, 15. Η. 6, 80. Ar. 2, 298. Α111.3, 10.
25. Α1. 3, 147. Η. 7, 58. R. 66. 699. Η.17, 166. Α11. 2, 6, 49. 3, 9, 6. Α1.
3, 158. Α111. 3, 13, 27. H. 6, 23. 1, 14. 9, 5. 71. R. 47. H. 4, 48. 8, 71. Am.
3, 6, 04. Ar. 1, 684. R. 454. H. 15, 98. 13, 38. 16, 221. Am. 3, 6, 76111. 1,
686. 3, 176. Η. 9, 115. Α1. 3, 648. R. 546. 373. Η. 9, 163. R. 458. Am. 1, 7,
52. 2, 11, 2. Η. 15, 22. 1, 56. Ar. 1, 54. Η. 7, 66, Α1. 2, 714, Η. 16227. Am.
1, 10, 1. Ar. 1, 508. 625, Α111, 3, 9, 26. 2, 16, 40 Η. 15, 21. 170. 15, 92. Am.
3, 7, 27. H. 9, 100. Ar, 2, 431. 2, 602. H. 9, 89. Α1,1,327 H. 12, 179. M.
9. 111, 3, 170. R. 708. ·

(tert, deelin.)

Nom. 1313, 1, 11. 11, 13, 313. 13, 3, 3, 133, ’.11,3, 131. 3 11311,
11, 133, 3, 3, R. 333. H. 13, 33. 313, 11. 13, 33, 13, 3. 3, 133, 3, 01. Ar. 3,
113, Η. 13, 110. 10, 131.

Aoo. Η.15,223.
Voe. Am. 3, 8, 2. 223.
Δ151. Η. 6, 47.

Praeterea: 3. 13311. 3, 133. 11313, 13, 33, 11. 3, 133. 1, 333 (333),
Η. 11, 5 (gen.) ; H. 3, 71. 6, 81 (300.); H, 11,.34. 10, 100. Α1. 3, 457. 3, 191
(voc.); H 9, 131. Am. 3, 6, 41 13111).

 

