13

533533Η5533Ήῌ93913ω,
133. 3313131311. 11, 311. 13, 33. 1333111,133.13,331.111.11, 133311.
’ω1333ω3 ’
Ace. 13, 133. ,333 1331111333, 11, 11. 311. 13, 33. 14, 133.
Ὴ3353Μ335

1111 11,133.13,31.313.13,33,333 13,133.113 14,133,3,333
33335

g) Nominativus in 173 desinens:

NmssffimwmffiffimwfflmmwmmwQ
&mfflfflffiwfflmmmffiffimmmm
4stwffiwffimffifflffifflnffim3m3m3w3
135333ω33ᾙ33133331331333
ω15ω3ω33331535ω335351
13Μ3ΜΜΜ933333ΜΗ335153
ammmmmwwmmwmwhmamzmwa
mw3m3mfflssmssm3w3fflfflwnwmffl
ω1ω353ωω55333

5113333ω1ω333533331ω333
13133333333331351313333Λ1131
ψιωηωΜῊ33533Η3ωω3,

Dat. 11, 221.

Aeo. 3, 86 13, 86011111 813. 8835, 63.12.6,11313,“182.8,109.
6, 111. 15, 293. 9,.453 461. 643. 3, 281. 6, 211. 9, 112. 14, 15.Ι 12, 3331 ,1,
140. 2, 5993, 216. 10, 12. 268. 13, 619. ll, 693, 6195, 608. 12,.550, 1,
390.1,126.9,316.14,15396351234. 6,483..9, 651. 11,3806, 111.
12, 601. 13, 200. 5, 230. 1, 101. 112. 824. 13, 258 5, 601. 1, 322. 14, 316. ’

6, 185. 8, 863.

113310 543. 682, 126. 9, 581. 651. 12, 465 4, 282. 9, 115 5145 13,
851 6, 682. 1, 319. 11, 231 14,14.·

·.Α51 5, 511. 8, 696. 13, 149 4, 288. 5, 494. 8, 308. 9, 668. 3, 223.
8,ἵ.1412,.932,.524 “

1)11131.11111.31131.13111,;

53533.

psmmwmwwmuM2ffiwaefflmmffi,
,33ψη3ῃ3ω34351ω33ηη331
vfflmnwmwfflwwwstwmwffifflaw

 

