22

Gen. 3, 720. 7, 252. 302. 15, 427. 8, 495. 12, 250. 7, 439. 10, 90. 2,
630. 15, 15. 45. 8, 770. 631. 13, 406. 407. 7, 26. 66. 397, 3, 403. 10, 42. 1,

{2151ss 233. 237. 13, 578. 504. 599. 6, 206. 13, 294 1, 764. 2, 381. 7, 401.
, 55.

666. - 466. ιι, 664. 44, 466. 210. 7, 162. 267. 292. 7, 64. ιιι.
Μ6ω666666666666666ωῌ6
644. 6, 614. 6, 664. 663. 6, 634. 4, 464 ιι, 200. 1, 326. 13, 256. 3, 243. 244.
4541. 6, 666. 6,. 666, ι, 642. 6, 666. 6, 66, 4, 466. 46, 259. 1, 333. ι, 6.

705. - ιιι. 6, 644. 6, 221. 13, 336. 6, 232. 13, 666. 6, 326. 6,
729. 6, 663. 6, 367. 4, 241. 192. 7, 6. 6666. 12, 216. 336. 664. 12, 664. 6,
436. 666. 664. 666. 6, 12. 12, 624. 13, 66. 126. 646.

d) Nominativus in οι ter111inatus:

Nom. 2, 656. 6, 646. 12, 364. 11, 346. 12, 667. 12, 3. 69. 66. 446. 16,
62. 176. 666. 466. 666. 6, 224. 6, 313. 12, 169.

ffl423mw03mwffim3323ffl629
Awmmmmmmmwmmffiffimffl.

1mm22m0mw6
Ammwmmmmmmmmm.

6) eNomi'nativus ιιι a6cadens:

Nom. 7 369 6, 364. ι, 466. 497 6, 646 3, 461. 4 466 4 631. 646.
666. 6, 174. 6 663. 4, 666 6, ιι6. ι4, 666 ιι, 666 ι, 666. 6, 666. 6 393.
3, 664. 673 3, 66. ιι, 366 6, 247. 11, 66 6, ιιι 4, 690. 14, 326 7, 366 6,
5533, 466. 4, 36. 6, 46. 366. 6, 66. 66, 466. 436. 6, 232. 3, 741114, . 4112,
322. 1, 6693, ιιι. 4, 466. 12, 603. 6, 466. 466. ι6, 717.

666. 14, 67 1, 216. 4, 420. 2, 742. 4, 666. 666, ι6, 149. 12, 311. ιι,
761. 4, 304. 6, 329. 10, 9. 12, 6666, 66. 6, 464. 13, 396.

Dat. ι, 712. 6, 633.

‘ 400. 4, 466466. 12, 666. 1, 132. 3, 319. 46, 150. 15, 269. 6, 666, 6,
203. 666, 6, 36. 44, 12, 131. 12, 449. 13, 293. 12, 646, 43, 666.

Vo e. 4, 643. 12, 296.
Ab 1. 2, 500, 4, 770. 13, 259. 2, 567. 634. 6, 23. 13, 90. 9, 233.

f) Nominativus in es cadens:

Nom. 1273126169150. 466 466. 393 46, 434, 179. 261. 292.
466. 501. ι6,66.6. 6, 236. 305. 2, 646. ιι, 666, 43, 36.13‚14.16,62. 92.
mmmfflmmm

 

